0 1 1
0 2 1
0 7 1
1 2 1
1 3 1
1 39 1
2 6 1
2 38 1
3 4 1
3 5 1
3 59 1
4 5 1
4 20 1
4 64 1
5 6 1
5 41 1
6 10 1
6 37 1
6 40 1
7 8 1
7 9 1
8 9 1
8 12 1
8 47 1
9 10 1
9 38 1
9 46 1
10 11 1
10 12 1
10 29 1
10 44 1
11 13 1
11 14 1
11 29 1
11 42 1
11 43 1
11 44 1
12 13 1
12 45 1
12 48 1
13 15 1
13 29 1
13 43 1
13 49 1
14 16 1
14 20 1
15 16 1
15 17 1
15 36 1
15 61 1
16 17 1
16 18 1
16 19 1
16 60 1
16 61 1
17 18 1
17 54 1
18 19 1
18 67 1
19 20 1
19 60 1
19 66 1
20 28 1
20 57 1
21 33 1
21 48 1
21 49 1
22 50 1
22 51 1
23 34 1
23 52 1
24 36 1
24 54 1
25 54 1
25 55 1
26 57 1
26 63 1
27 64 1
27 65 1
28 37 1
28 41 1
28 42 1
30 32 1
30 47 1
30 48 1
31 32 1
31 33 1
32 48 1
33 34 1
33 51 1
34 35 1
35 53 1
35 69 1
36 49 1
36 50 1
39 40 1
45 46 1
50 52 1
55 68 1
56 66 1
56 67 1
57 58 1
57 66 1
58 63 1
58 64 1
59 64 1
62 65 1
62 66 1
62 67 1
63 65 1
67 68 1
68 69 1
