0 1 7
0 2 4
0 7 3
1 2 3
1 3 3
1 39 7
2 6 2
2 38 3
3 4 3
3 5 7
3 59 7
4 5 4
4 20 7
4 64 3
5 6 2
5 41 4
6 10 3
6 37 5
6 40 7
7 8 1
7 9 2
8 9 1
8 12 6
8 47 7
9 10 1
9 38 6
9 46 4
10 11 1
10 12 3
10 29 6
10 44 1
11 13 2
11 14 5
11 29 5
11 42 3
11 43 1
11 44 6
12 13 1
12 45 4
12 48 4
13 15 6
13 29 7
13 43 1
13 49 5
14 16 5
14 20 7
15 16 2
15 17 5
15 36 4
15 61 3
16 17 3
16 18 7
16 19 2
16 60 2
16 61 5
17 18 3
17 54 1
18 19 1
18 67 7
19 20 4
19 60 4
19 66 7
20 28 2
20 57 1
21 33 1
21 48 6
21 49 1
22 50 6
22 51 7
23 34 7
23 52 5
24 36 5
24 54 5
25 54 6
25 55 4
26 57 3
26 63 7
27 64 4
27 65 4
28 37 1
28 41 7
28 42 2
30 32 6
30 47 7
30 48 2
31 32 6
31 33 5
32 48 1
33 34 5
33 51 1
34 35 6
35 53 3
35 69 2
36 49 3
36 50 6
39 40 3
45 46 3
50 52 1
55 68 6
56 66 5
56 67 1
57 58 2
57 66 6
58 63 4
58 64 5
59 64 2
62 65 5
62 66 7
62 67 3
63 65 2
67 68 1
68 69 4
