0 1
0 2
0 7
1 2
1 3
1 39
2 6
2 38
3 4
3 5
3 59
4 5
4 20
4 64
5 6
5 41
6 10
6 37
6 40
7 8
7 9
8 9
8 12
8 47
9 10
9 38
9 46
10 11
10 12
10 29
10 44
11 13
11 14
11 29
11 42
11 43
11 44
12 13
12 45
12 48
13 15
13 29
13 43
13 49
14 16
14 20
15 16
15 17
15 36
15 61
16 17
16 18
16 19
16 60
16 61
17 18
17 54
18 19
18 67
19 20
19 60
19 66
20 28
20 57
21 33
21 48
21 49
22 50
22 51
23 34
23 52
24 36
24 54
25 54
25 55
26 57
26 63
27 64
27 65
28 37
28 41
28 42
30 32
30 47
30 48
31 32
31 33
32 48
33 34
33 51
34 35
35 53
35 69
36 49
36 50
39 40
45 46
50 52
55 68
56 66
56 67
57 58
57 66
58 63
58 64
59 64
62 65
62 66
62 67
63 65
67 68
68 69
