42 43
44 60
26 2
28 9
45 17
18 31
66 45
43 67
14 18
58 42
54 21
47 29
59 45
3 24
50 38
47 24
48 67
34 43
49 14
48 4
16 22
54 45
54 17
8 19
22 35
62 15
58 29
27 64
51 7
21 16
22 10
20 43
25 51
27 33
38 45
58 20
29 44
16 50
4 64
41 8
22 32
18 56
30 4
28 43
10 6
43 29
64 64
52 13
15 48
14 13
16 19
17 51
66 29
33 28
8 24
52 29
41 20
22 18
39 20
69 38
19 25
64 34
52 29
67 27
4 8
38 2
9 41
65 30
10 38
42 34
48 61
33 14
45 29
55 28
64 66
16 34
25 47
53 67
46 40
69 62
37 45
43 33
56 4
58 67
10 27
25 35
40 42
9 54
60 13
67 51
49 11
12 55
62 2
53 4
16 4
39 59
21 55
25 55
51 20
29 25
34 0
57 68
63 44
55 43
1 60
41 26
42 7
54 37
18 26
32 6
41 31
41 8
22 6
66 32
66 26
13 27
65 26
4 34
21 3
9 47
18 33
57 68
68 12
36 41
21 43
8 40
8 37
57 6
20 26
25 28
23 60
38 63
49 3
42 54
65 64
56 47
31 68
5 36
51 35
41 38
41 25
48 8
68 52
6 6
39 9
52 35
33 57
57 16
58 7
38 39
46 14
61 67
44 65
55 66
17 40
38 31
1 42
1 4
33 55
31 6
27 24
18 22
35 13
45 57
50 18
65 16
21 39
30 41
19 21
65 66
58 59
14 45
53 2
61 56
20 7
3 25
66 30
1 49
7 49
3 10
56 61
52 68
28 15
31 46
64 13
50 37
3 53
20 58
64 48
20 36
28 39
24 14
8 30
45 26
43 32
20 32
32 68
22 60
28 36
18 10
