126880 101704
206045 312115
291350 103922
140941 221258
303412 244809
289026 207101
216222 141998
131493 219458
136373 167895
44761 283361
62738 111679
53724 278849
60611 275798
206432 261600
124208 198191
12975 153164
138852 184479
88228 684
192724 24873
29138 143637
6643 219420
159979 167204
43473 1178
95894 59282
73826 5820
145355 73990
250328 189441
221183 157166
279685 282044
55372 114926
148917 73960
300018 20880
220083 47389
221814 161003
145099 95893
180902 252227
65315 294308
295718 257108
143990 154221
146319 736
187589 183949
283659 166147
215068 112361
28394 299707
255453 47226
308283 75707
3635 297840
310257 70155
171024 237080
69246 152831
152176 143944
178780 252598
59728 251184
226037 17533
147252 115846
198373 117610
255090 40124
235530 131850
228864 242341
132165 239216
60644 41828
77084 68890
189851 167836
260522 295915
137799 272808
61215 27418
142914 291529
200035 188554
22186 200672
31200 67383
180434 284169
188308 220980
274999 16804
310609 74374
42660 179196
184902 130853
151429 194888
134075 79130
46376 98615
116794 189578
67369 4723
203858 168232
223497 79718
121157 253483
138154 168597
115194 145269
89868 316833
141590 113418
286024 182497
46963 2201
140989 213456
74141 86407
7788 186907
314791 74847
301732 155219
168488 7430
51348 155399
154205 167887
1282 157474
122215 161535
40373 276373
224043 33994
39234 4461
176857 10014
78998 308423
186906 280510
314538 125445
109027 217234
62550 212931
1046 252883
204475 136472
218560 79889
45018 202574
238005 24317
23521 210440
249571 171099
118508 259301
193615 108620
47991 79277
227089 100583
32449 47696
208561 127916
141594 134080
89449 258062
138068 244960
9505 268929
253803 176113
9935 14247
37513 31738
31523 95668
175905 66104
248669 123256
270819 177734
143604 84204
200375 181107
209702 64897
287949 165084
183631 305003
183584 137880
66023 167880
40989 85310
97533 132926
54815 81463
140660 229349
113773 278128
54906 71681
111659 52318
52127 40261
306803 194968
5228 279756
254471 83564
51042 251306
168325 174286
103654 80849
254814 34515
129943 173669
242727 222155
251185 37566
309683 201555
26719 175924
158666 206072
259171 191526
181817 316294
220463 204285
302659 133492
21019 152700
148957 194079
27017 142509
147673 198387
79082 67184
73654 257392
151223 285408
225653 304455
7009 247370
104552 207375
105878 15218
54455 161915
194236 122264
243412 123115
289498 293074
189301 125650
245979 111374
43499 39673
128232 34554
13024 275190
110073 262348
294971 63142
58531 282153
34867 47534
237085 229438
313494 250006
153779 119744
290878 303542
212532 201253
139932 102333
73367 63538
84083 216632
37772 63417
236549 229022
163390 40052
