2207387 2279233
1624791 1083686
1773362 1556430
530109 109262
2107945 797521
306867 1392257
718199 1925524
190996 43429
804148 2211570
637429 1140799
1149067 1243757
2346104 1642165
212505 1558593
2370847 782418
699417 101003
407083 580878
300503 1857069
428344 1818105
2156213 604687
893135 2021846
565745 996471
2261478 1332814
116235 855608
2313298 822647
716266 1489463
108280 458009
127435 1322726
925249 61496
2259296 1074239
994547 1283767
1224088 1525506
1042793 1035719
1381641 1826700
135305 422833
585582 951488
197812 472627
1281979 2095003
477047 1998883
674520 2340068
409007 2007733
3344 38881
2154519 1942945
1640150 1404969
1553404 2085728
1625808 420476
1089980 691820
1608828 2011239
768972 1015795
1451957 1136241
2163517 1765572
681855 218203
1434295 1769859
2393270 357669
880573 790967
1734227 804634
474676 864915
57260 1448136
1975413 703305
484713 1174836
1506290 881355
1062370 1063323
295520 205975
661954 512626
1384211 1342127
2116223 1973914
2260599 1596678
2039003 2004639
1225673 372379
2027889 1363301
271707 1599046
1282896 1170148
1639801 903086
18206 328297
226034 1423235
1898842 2027282
740947 1221581
190736 507222
1635414 2215201
1711291 1625112
332195 576906
871562 1890241
22858 1354160
885087 1530825
150615 991397
254316 1942748
345845 59488
147134 1018811
275737 2366615
1767745 844658
2062268 1863021
1360912 352327
1113415 1316654
1275335 1798412
1510867 2072397
216290 1607862
586939 758107
2117159 87552
1463434 196431
559168 692037
1076638 1262816
209752 1861648
1847909 2273039
228844 227417
844590 2236380
2259674 732017
2048237 1116401
2212213 82874
1105071 1407978
1254349 1944961
749718 1717213
983248 752357
2245959 1460866
1813044 1097899
398321 1785947
2392744 1385608
1486077 2130231
206700 3562
433661 1318125
1063227 1574369
2080638 2050394
1571215 657291
2097931 930120
781521 1992321
240884 1104560
2213259 369932
407228 859468
2238429 1727946
776798 610480
2360866 754258
1609688 841112
65852 812856
2280985 495587
270295 339973
109430 2321729
1475668 1594622
824427 1894723
610865 1644610
274879 542874
742184 1219893
1495881 605001
1437271 443673
1747162 2355163
2170979 1773437
2070869 1823478
616338 2125930
1492945 2248692
479108 1543514
1048735 145020
2333680 284359
1538035 204389
975832 2317002
580589 1123727
568423 414875
1269003 394987
1050198 2381472
979508 2336753
919555 888786
201838 691210
425261 280410
2147980 1254773
694401 1489053
1692693 2025606
987115 2255653
119516 474014
1474672 1020229
2368625 351281
478720 562403
1138615 807681
2384235 1477898
1776391 656827
284756 466473
2393008 946966
1003721 598825
1523902 319462
874356 2054289
414989 319629
150595 1850365
1393709 1780004
2209076 1976147
986448 710476
719760 851186
1074125 2187490
2295310 2344740
1976987 2268995
214849 560617
1731657 2341910
2253206 1160461
2094965 290276
220284 2194276
2053609 711353
2116886 865620
730071 813232
1306666 1552471
1929955 1097975
327199 1942698
1145330 1435752
754294 1079216
1835282 1117518
1470849 1838921
623764 894971
354414 1870814
39101 1843530
1820242 2290782
579959 882241
1541812 738498
1566297 649304
1834517 1825528
68451 2158462
110437 1539145
441819 1367336
1360430 2219856
839999 2228917
2052143 1933060
1968217 146758
2006882 861440
440360 2301135
1943426 1515617
1419372 1277497
1985034 1055737
402383 955228
1266162 1028996
295996 1188659
1924644 2330612
1210146 1388084
1524454 162777
2225185 1480961
1197634 1747168
1663996 987523
802783 721437
1522617 450623
602492 1680518
1438464 2314579
1062894 471444
1244966 2269238
1978404 2280950
2032423 671165
1578315 1297264
1948596 333636
29877 2245861
1761508 1899011
1334175 399698
836403 2001355
566583 1057044
541503 1115000
2306294 505091
1995681 1757605
1506339 1221030
109042 1375578
660206 155459
718765 2278590
2298150 1447728
443153 897033
2150195 218763
1104666 307187
1178283 1807575
870209 178221
1269270 1507973
1483622 771020
1959206 1927651
1672785 1416460
1635198 673175
720977 1448314
814442 1319058
2011210 1279656
626800 744559
2151666 1384595
280689 1153119
1851358 1906586
166971 1814899
1584147 1704764
1056676 863565
1457874 1209982
1546731 378598
980181 552039
1051452 749542
1374654 10928
2230118 1247045
2100728 1512599
1357746 2083939
624760 1209049
1738755 1214553
2179 578797
1103897 696812
805377 2097298
1620124 512689
1009052 296810
1813444 477278
555922 937115
2355951 1993687
2085105 2172926
1746700 2156359
41628 1898036
1755821 1616861
909328 458477
2286996 2044103
2293 1027026
1561497 234357
143306 2103810
1239747 708620
1932266 507651
2286602 871954
1872373 754901
521612 337074
1550557 1382274
1859174 1370637
1367815 2244038
1310244 1158530
1570842 388881
1851798 296619
508359 2088521
513990 817484
923204 1889957
48259 590742
809229 925874
530771 1030777
2343916 2205998
328592 638365
2155468 358655
2005504 1119168
336424 1542935
281166 2279318
1089787 1728491
11850 1127934
1029759 2022274
573728 1512128
1568581 1169648
1632042 522288
2048485 445978
497906 1731485
1752717 548832
1855784 169842
480515 940094
1759272 1881059
2236477 1153920
50169 197178
2269554 1502483
409527 893165
700578 983306
1910091 2223925
928655 1029938
875304 2295078
2070631 2242941
762217 1536552
90141 971259
91445 1091717
1237 1975404
1596470 1476065
1739729 940335
119324 560566
978253 440987
2320984 38473
1476699 515476
1319399 1967260
266531 1912771
1301858 1693102
1916941 229792
2235083 1192088
445119 935335
2288575 2116318
611674 2283412
889757 750823
2151227 1649161
2184674 1936582
1134192 2120417
1973851 841377
463859 1281385
917551 1431647
1351115 1411011
34662 1685337
1123117 2038358
2282021 796860
1091180 1894157
1703185 2299765
385154 811822
1534815 1670324
716539 1803799
347758 22044
496911 1254736
1611659 2356582
1082718 201151
755430 1352387
1469502 103741
721719 918159
239568 950662
1564286 120185
1566240 216504
1745222 281041
884060 108059
1992488 1736902
432895 1477072
1874828 715746
1806052 782694
224813 10941
2254933 1513408
1268396 2364383
810198 1534212
1077542 21650
1042431 1914447
1564709 407931
29919 1228148
1919085 559254
1724285 2319683
1582501 1408298
522080 2264721
2237531 1778052
344145 1820959
489405 1906890
640644 1010006
826519 1132826
1341967 1192897
2313862 1941529
122027 1094038
1567085 1918964
607217 104220
1107645 1858090
1191426 363306
461814 1427054
2332800 1474082
616230 1200749
2306350 1990408
1778094 662859
710630 1125584
1427702 1042015
2352095 2212268
2155659 290281
420340 1457132
1003932 998981
1327252 706361
647106 88062
1706728 1380701
1064681 635468
928697 2205416
65661 1444560
1587824 140508
1142716 1126124
588079 362081
596371 1708538
1276416 2207475
285492 353583
467377 72456
2055908 2313962
541031 1363476
2134466 567506
2391913 1998441
2168678 951079
2013824 301312
489496 1069424
874470 2359947
2176755 227430
1209062 1348480
586095 671215
812533 2337663
70118 1457785
2236075 221611
308394 271165
405261 2077952
1033426 739162
1800479 853164
1392917 2198995
709304 942033
1536654 1623211
1185679 1819940
611182 1947943
1668803 1968977
2221325 1760799
1655683 371578
1224483 2153681
10819 371150
2299464 1445822
399275 161986
1940684 221365
308995 1955815
1998870 675149
2098808 1090866
1887640 356034
1038897 1948334
2135995 467093
1520187 1925124
1921553 666629
1177680 1203400
1798892 1494215
644998 965915
191329 1189133
2121644 1830622
235049 921466
1928011 908466
2109821 768343
31539 1058432
100520 2226744
1290428 844201
633641 1013259
2199675 1997663
2269619 1128250
1373082 1967094
1184279 888491
1633848 466232
2110576 1598213
1135559 2309425
183565 1899637
2354955 172570
1521097 1757923
1411002 434989
515575 926567
1382666 2247287
672108 1268270
55622 531040
306654 85644
436211 1493542
1370156 2125906
535824 1088907
1322964 291013
780531 989206
971892 1014917
1760754 546469
1320143 978325
1132014 546925
1830442 453280
563329 140945
589798 437207
1175498 2178622
1466393 1619243
1575220 347793
403962 1492781
424697 888423
2132048 2220881
1904552 2169397
1934493 2208693
2297555 2374793
787132 1546118
209214 494975
1065129 1811973
1736834 43416
1720053 2292727
1725596 1565322
658155 1885249
230944 958008
1515941 1411871
837735 372955
262991 2367210
1998707 2333434
1819413 1228401
2168298 974604
346520 1998140
460785 649577
1442325 765694
218424 938992
2113406 1176357
2270846 2268278
895550 1924171
1153030 154544
1126828 1151101
2273366 1000259
450811 1263650
633484 1323039
1721707 1766689
1702534 2029873
985891 870236
1901138 1700434
572910 919199
1337524 2268913
155643 116621
766487 1449282
136126 1157886
1716410 707607
973788 257393
2386116 1090464
333251 527920
841143 1270848
1560545 1496207
1820683 1997847
1200424 1354642
1703094 1304222
824432 1908298
95551 409916
200155 190990
1551839 1996204
723869 71907
1804781 1390120
1102009 2244197
1596948 2016876
1998321 1709370
1263575 335322
1295287 868105
2168035 1523019
38446 767951
282642 2191057
727465 174372
1629011 1582060
736393 1759540
349410 637357
712766 1108068
1016773 129566
922316 1135100
2020684 1379117
1479233 1404536
258499 72311
246922 1112459
986129 267201
232336 2081828
1858177 678192
874369 2150452
2316930 1703006
834845 741618
946352 1960224
2246878 2221818
1325766 842910
170929 246455
2055119 1459145
1689488 1148760
814858 770601
1127820 1994724
1899534 2203739
1232101 1507581
2190810 885862
2232906 1170858
856142 2290057
1316266 841898
1734154 2367491
1715774 1979622
582282 1130919
571381 126612
1216054 1646371
510295 2371907
668609 653661
517347 952300
2210797 939387
671459 1804848
896419 303159
392966 1594790
1787901 1076693
1871013 1847831
63107 1470419
1252156 947096
2004057 1348875
1939179 1161211
1157478 1722095
217751 1394342
1342599 323750
221644 134514
326133 2037613
959546 408214
1338139 1407053
2145351 659514
106796 941482
1012191 570359
883763 1905969
2348577 2167059
1403898 2036768
1788477 518652
2264115 697285
543724 1917873
913982 328320
1639687 1263771
2170855 2143532
1752364 284179
1666070 1243102
562357 1253824
2101438 1555421
2248095 1282138
1118146 1889518
1406085 1123992
871900 304811
1794002 107042
1456007 999814
357048 1993883
94739 87476
836689 246903
292903 442640
1163978 1310190
16664 285048
492484 2337008
109180 2376926
1173373 1423234
1277129 1702728
1232730 1490218
1934171 2352605
1466706 389486
1088532 1980541
988534 852958
713110 1660978
1848647 1759284
909441 1202318
1173187 2021386
1900714 1728039
469634 1965734
375544 1867377
1785221 700176
1893308 416787
666300 2296520
1360722 1084760
869838 2228626
2302157 1041186
1186111 944373
1651799 1228171
1076719 680349
312022 1287116
501825 1686832
950969 45992
1795358 1698634
1482618 1326744
2336815 295654
402689 2293603
1872791 294430
1778688 887385
319927 2152973
1891924 251915
1593979 642637
2089180 1720760
396222 1982652
2182239 2085066
1779870 1201268
808410 850216
1404898 302167
1303503 203765
1643988 684061
205088 1642027
893428 802644
1538402 830328
535150 865732
373750 2178792
1630892 120173
2270657 205606
1662563 1063551
1799973 235921
553341 404781
1682838 2154197
547576 1912635
1794737 1715211
234594 1251091
791960 286898
565713 365068
1636908 1836159
1365626 185470
1202784 973709
1931833 2124494
2154595 830704
481705 788243
174282 1960598
2265371 909708
87111 979867
1799332 1592590
279688 851549
1641094 1860286
497893 1459098
924073 680254
17032 1622155
270564 16976
2093452 1637432
1929640 329534
1246061 308134
689928 2230838
2105524 611373
831069 735605
1426257 169743
272588 1914979
1098766 860064
1183536 2333452
2057151 1244578
580682 70693
1342252 736449
969999 1764422
2215267 2334507
505278 2084361
1761877 1764709
1462019 686663
279123 389320
1025901 1441123
109736 1923900
1149846 1384231
1588719 1651553
1741112 2053163
322344 270322
1238719 1814830
463578 1348792
1651560 410247
352019 407930
1489180 1763915
2081554 1256334
1352321 929021
954709 2296250
2115894 2323147
404749 1150180
2324715 1553952
2178558 1841542
2057305 1450773
12610 917305
1289567 2386372
1304816 1749253
1567550 11251
750584 1368953
730591 918347
1408002 2184201
898234 73183
1561243 315030
650873 130974
1572272 291845
2317729 351775
1722400 2155491
1356538 261762
1252889 594347
1193461 2272255
1582810 1716076
1096416 961339
773171 75786
241998 503266
2325095 650585
256945 2055494
213805 2177720
1236643 2246192
2299816 472655
1602877 531723
826457 1220768
1823135 1026723
1541355 2143227
2147996 962690
1113942 867370
1460678 596584
2040368 1519783
329789 1576445
525265 540143
1502540 2174509
965737 1084202
480507 2277078
66588 687901
2148400 717463
221950 337602
1812710 1273710
73651 1828471
658101 2195993
318669 1407582
1828637 894301
298731 2161644
220731 671291
89897 307064
990397 376626
1866317 1945554
77166 1728111
2380463 1967651
1330441 1928977
2141075 19132
1404145 1351901
2020398 919049
541508 113001
816494 1373398
2376085 1873090
271422 351702
2244982 1932193
1098940 1498737
1047059 307914
818791 251559
1707061 1937309
363349 1934620
1922893 471430
375296 914218
722586 1982274
2295413 237545
395981 824208
382978 1751204
971717 1531227
1338346 654102
1875812 206683
492078 169381
1838788 973744
758804 39487
905716 812837
2111922 1846539
1482613 2300623
829664 1270037
1005423 1960277
2240307 1552178
1721239 1944726
902690 1528394
1390522 548649
1182436 1716168
914721 2014595
1850424 1473407
871147 2288423
1414466 413135
1534161 2322792
1106350 1397394
454994 1616457
853438 281543
708119 594310
1153042 2392571
286926 597583
1251333 2114867
832890 918720
1942879 685657
183358 2322810
2329794 1211356
2132142 1557418
1931989 887876
778965 656518
968651 1859994
850241 2026408
989263 896628
2212976 790349
924129 1329170
725985 1221699
1893334 1313077
1999155 265458
897437 2195154
1090499 92689
1466945 342705
974853 2152199
1243106 1784166
463051 1482671
362389 2015048
1702241 1151496
1522216 786910
2348788 34994
731198 1782556
996619 439564
893801 1128157
148498 294612
2308282 474489
1866304 1614495
159547 644957
2226658 1905866
733145 2317100
656938 1343568
933495 449946
966740 752163
2182619 2221462
2203305 1674661
393587 2338752
2345478 277539
2371835 2210673
1481430 1874398
1105884 2076967
744255 1284834
655310 1846839
2105666 2080107
74135 1222093
1991132 1255844
2153394 1601502
1382485 1962813
1267122 1005925
489145 1516728
777125 2135801
980240 2180881
2145607 1607349
242052 1300567
707168 2231441
1408575 1303346
41002 1796121
117691 1506900
1507923 2094487
1709397 256000
988524 791062
944603 1302641
25595 1495637
1885521 2388495
367090 184054
889734 1546757
2215493 1465506
2389190 1295460
1912723 673196
1911621 1174685
1287134 308207
2140676 1643560
122156 2216629
485601 1700559
1780074 2198707
2115685 866017
1564770 2230188
2090879 1081340
93087 2223293
1688113 2351227
1806175 151436
1117522 488360
851355 179589
931548 447348
452191 392699
1619170 996721
487185 1725232
1032003 510497
1589373 427079
842583 815070
1319293 771074
2135963 902050
1367178 1106965
2230984 1165284
78254 1661599
438663 1638639
374696 5334
1878358 869295
1523726 409605
86777 2265274
2120756 1913660
2340622 411849
26966 571092
1761506 1342345
1879978 85279
1908881 459848
1007693 2258571
2299035 1320482
2212463 1661307
1768450 1418072
1230910 2019646
