1269 1355
694 854
616 1282
797 1080
1220 827
460 1369
389 866
1285 669
424 460
945 752
1247 872
1039 329
599 1175
1350 343
630 49
1120 79
26 413
135 1357
1269 1096
453 270
1085 475
729 1086
977 453
224 324
1247 76
246 209
1161 378
1377 26
789 727
337 926
1462 749
869 4
1298 796
532 730
1013 975
558 662
527 619
1242 460
585 1033
395 416
771 595
557 780
707 1029
665 495
694 1396
1158 81
80 612
1356 925
813 1441
1455 766
506 1020
1430 450
501 219
273 1066
587 1131
898 1125
1103 1331
634 1256
45 622
318 640
768 562
549 292
300 1388
1075 75
638 890
165 545
804 1216
869 333
596 1415
426 494
893 97
1224 875
929 160
1045 318
730 759
450 111
1004 17
965 1000
703 1300
813 1391
1264 1040
699 870
32 1139
163 421
301 1156
1079 903
808 15
147 682
332 1062
712 197
584 644
599 93
916 641
1363 1035
215 1305
630 1098
248 1386
1400 947
886 198
1435 771
1134 93
169 1204
631 659
1160 52
460 584
34 897
906 449
742 689
960 51
569 64
1407 844
624 819
806 311
428 908
1020 223
1177 580
154 652
1415 1413
455 1062
982 277
516 311
616 511
843 50
27 1401
1010 522
151 797
1106 1001
495 749
1145 1455
361 1297
448 361
717 899
573 1010
1387 106
1251 762
1395 1394
135 1079
970 50
404 749
22 668
1355 195
235 1429
746 901
117 851
1387 735
1414 1122
25 1083
1004 458
434 522
1292 1384
666 1191
432 850
1026 679
76 983
1281 49
745 1309
1299 1206
7 661
1316 265
479 1390
762 7
1365 437
511 1222
780 938
799 1033
212 1157
420 1230
14 1448
1398 582
1031 1333
191 1073
754 1217
145 733
1467 1028
698 662
1377 153
347 370
1048 554
842 864
570 308
1246 1257
1272 1331
776 391
432 705
1167 1265
266 766
10 689
459 974
528 1410
1078 674
450 1364
1044 1203
542 1237
629 327
1061 1309
813 519
521 771
557 378
975 1190
1355 349
