0 1 1
0 2 5
0 7 2
1 2 2
1 3 1
1 39 5
2 6 2
2 38 5
3 4 3
3 5 5
3 59 4
4 5 2
4 20 5
4 64 2
5 6 4
5 41 3
6 10 1
6 37 1
6 40 3
7 8 3
7 9 4
8 9 2
8 12 1
8 47 3
9 10 1
9 38 1
9 46 2
10 11 1
10 12 4
10 29 2
10 44 3
11 13 4
11 14 5
11 29 1
11 42 1
11 43 3
11 44 1
12 13 5
12 45 5
12 48 3
13 15 4
13 29 5
13 43 2
13 49 1
14 16 2
14 20 4
15 16 5
15 17 2
15 36 4
15 61 5
16 17 3
16 18 1
16 19 3
16 60 5
16 61 2
17 18 4
17 54 1
18 19 1
18 67 2
19 20 1
19 60 3
19 66 1
20 28 3
20 57 5
21 33 5
21 48 1
21 49 1
22 50 5
22 51 2
23 34 1
23 52 2
24 36 4
24 54 2
25 54 2
25 55 1
26 57 3
26 63 4
27 64 5
27 65 1
28 37 4
28 41 2
28 42 2
30 32 1
30 47 3
30 48 3
31 32 3
31 33 1
32 48 1
33 34 3
33 51 4
34 35 5
35 53 4
35 69 3
36 49 5
36 50 5
39 40 2
45 46 4
50 52 1
55 68 5
56 66 1
56 67 2
57 58 2
57 66 4
58 63 3
58 64 2
59 64 2
62 65 5
62 66 1
62 67 3
63 65 3
67 68 2
68 69 1
